FireDomain[sw=(114480,114480.000000,0);ne=(126640.000000,126640.000000,0);t=36000]
startFire[loc=(116000.0,117520.0,0.);t=36000.0]
startFire[loc=(117520.0,117520.0,0.);t=36000.0]
startFire[loc=(119040.0,117520.0,0.);t=36000.0]
startFire[loc=(120560.0,117520.0,0.);t=36000.0]
startFire[loc=(122080.0,117520.0,0.);t=36000.0]
startFire[loc=(123600.0,117520.0,0.);t=36000.0]
startFire[loc=(125120.0,117520.0,0.);t=36000.0]